spot_model.ecsv
# %ECSV 0.9
# ---
# datatype:
# - {name: PHASE, datatype: float64}
# - {name: COUNTS, datatype: float64}
# schema: astropy-2.0
PHASE COUNTS
0.0 2.784
0.0101010101010101 2.784
0.0202020202020202 2.784
0.0303030303030303 2.784
0.0404040404040404 2.784
0.0505050505050505 2.784
0.0606060606060606 2.784
0.0707070707070707 2.784
0.0808080808080808 2.784
0.09090909090909091 2.784
0.101010101010101 2.784
0.1111111111111111 2.7839274789218726
0.1212121212121212 2.783417733340026
0.13131313131313133 2.782166319503566
0.1414141414141414 2.7799250729399705
0.15151515151515152 2.7764768909857094
0.1616161616161616 2.7716328326694475
0.1717171717171717 2.7652319090485724
0.18181818181818182 2.7571412305357965
0.19191919191919193 2.7472560204512386
0.202020202020202 2.7354994256634186
0.2121212121212121 2.7218221644206606
0.2222222222222222 2.7062020723675184
0.23232323232323232 2.688643602176993
0.2424242424242424 2.6691773200278295
0.25252525252525254 2.6478594298257776
0.26262626262626265 2.624771345397862
0.2727272727272727 2.6000193219080026
0.2828282828282828 2.573734149825647
0.29292929292929293 2.5460709070791774
0.30303030303030304 2.517208756660851
0.3131313131313131 2.487350767151367
0.3232323232323232 2.456723722020259
0.3333333333333333 2.4255778708312956
0.3434343434343434 2.3941865652124585
0.35353535353535354 2.362845726057327
0.36363636363636365 2.3318731405512847
0.3737373737373737 2.301607802928038
0.38383838383838387 2.2724103632485377
0.3939393939393939 2.244670352695342
0.404040404040404 2.218862197501295
0.41414141414141414 2.195323726244293
0.4242424242424242 2.1741556465720824
0.4343434343434343 2.1554431948703616
0.4444444444444444 2.13926171957769
0.45454545454545453 2.125676377783921
0.46464646464646464 2.114741872865595
0.47474747474747475 2.106502234214754
0.4848484848484848 2.1009906399481157
0.494949494949495 2.0982292833105083
0.5050505050505051 2.0982292833105083
0.5151515151515151 2.1009906399481157
0.5252525252525253 2.106502234214754
0.5353535353535354 2.114741872865595
0.5454545454545454 2.1256763777839205
0.5555555555555556 2.13926171957769
0.5656565656565656 2.155443194870361
0.5757575757575757 2.1741556465720824
0.5858585858585859 2.195323726244293
0.5959595959595959 2.2188621975012945
0.6060606060606061 2.244670352695342
0.6161616161616161 2.2724103632485377
0.6262626262626262 2.3016078029280376
0.6363636363636364 2.3318731405512847
0.6464646464646464 2.3628457260573263
0.6565656565656565 2.3941865652124585
0.6666666666666666 2.425577870831295
0.6767676767676767 2.456723722020259
0.6868686868686869 2.487350767151367
0.696969696969697 2.517208756660851
0.7070707070707071 2.5460709070791774
0.7171717171717172 2.5737341498256474
0.7272727272727273 2.6000193219080026
0.7373737373737373 2.624771345397862
0.7474747474747474 2.647859429825777
0.7575757575757575 2.6691773200278295
0.7676767676767677 2.688643602176993
0.7777777777777778 2.706202072367518
0.7878787878787878 2.7218221644206606
0.7979797979797979 2.7354994256634186
0.808080808080808 2.7472560204512386
0.8181818181818182 2.757141230535796
0.8282828282828283 2.7652319090485724
0.8383838383838383 2.7716328326694475
0.8484848484848484 2.7764768909857094
0.8585858585858586 2.7799250729399705
0.8686868686868686 2.782166319503566
0.8787878787878788 2.783417733340026
0.8888888888888888 2.7839274789218726
0.898989898989899 2.784
0.9090909090909091 2.784
0.9191919191919191 2.784
0.9292929292929293 2.784
0.9393939393939394 2.784
0.9494949494949495 2.784
0.9595959595959596 2.784
0.9696969696969696 2.784
0.9797979797979797 2.784
0.98989898989899 2.784
1.0 2.784
